1949.0
1950.0
1951.0
1952.0
1953.0
1954.0
1955.0
1956.0
1957.0
1958.0
1961.0
1962.0
1963.0
1966.0
1967.0
1970.0
1971.0
1972.0
1976.0
1977.0
1978.0
1979.0
1980.0
1981.0
1982.0
1983.0
1984.0
1985.0
1989.0
1991.0
1993.0
1995.0
1996.0
1997.0
1998.0
1999.0
2001.0
2003.0
2004.0
2005.0
2006.0
2008.0
2009.0
2010.0
2011.0
2012.0
2014.0
2015.0
2016.0
2017.0
2018.0
2019.0
ПОСТ: 19039
1949.0
1950.0
1951.0
1952.0
1953.0
1954.0
1955.0
1956.0
1958.0
1961.0
1962.0
1963.0
1965.0
1966.0
1967.0
1968.0
1969.0
1972.0
1973.0
1974.0
1975.0
1976.0
1977.0
1978.0
1979.0
1980.0
1982.0
1983.0
1984.0
1986.0
1988.0
1990.0
1994.0
1995.0
1996.0
1997.0
1998.0
2007.0
2008.0
2009.0
2010.0
2011.0
2012.0
2015.0
2017.0
2018.0
2019.0
ПОСТ: 19049
1949.0
1950.0
1951.0
1952.0
1954.0
1955.0
1956.0
1958.0
1959.0
1961.0
1962.0
1963.0
1965.0
1966.0
1967.0
1969.0
1972.0
1973.0
1974.0
1975.0
1976.0
1977.0
1978.0
1979.0
1980.0
1982.0
1983.0
1984.0
1986.0
1988.0
1989.0
1991.0
1992.0
1995.0
1996.0
1997.0
1998.0
1999.0
2006.0
2008.0
2009.0
2010.0
2011.0
2012.0
2015.0
2017.0
2018.0
2019.0
ПОСТ: 19050
1949.0
1950.0
1951.0
1952.0
1953.0
1954.0
1955.0
1956.0
1958.0
1959.0
1961.0
1962.0
1963.0
1964.0
1965.0
1967.0
1968.0
1969.0
1972.0
1973.0
1974.0
1975.0
1976.0
1977.0
1978.0
1979.0
1980.0
1982.0
1984.0
1986.0
1989.0
1991.0
1992.0
1995.0
1996.0
1997.0
1999.0
2001.0
2003.0
2006.0
2008.0
2009.0
2010.0
2011.0
2012.0
2013.0
2015.0
2016.0
2017.0
2018.0
2019.0
ПОСТ: 19063
1950.0
1951.0
1953.0
1954.0
1955.0
1956.0
1958.0
1960.0
1961.0
1962.0
1965.0
1967.0
1968.0
1969.0
1972.0
1973.0
1974.0
1975.0
1976.0
1977.0
1978.0
1979.0
1980.0
1982.0
1983.0
1984.0
1985.0
1986.0
1989.0
1992.0
1995.0
1996.0
1997.0
1999.0
2003.0
2006.0
2008.0
2009.0
2010.0
2012.0
2015.0
2018.0
2019.0
ПОСТ: 19072
1949.0
1950.0
1951.0
1952.0
1953.0
1954.0
1955.0
1956.0
1961.0
1962.0
1963.0
1965.0
1967.0
1969.0
1972.0
1973.0
1975.0
1976.0
1977.0
1978.0
1979.0
1980.0
1982.0
1983.0
1984.0
1988.0
1991.0
1992.0
1995.0
1996.0
1997.0
1998.0
1999.0
2001.0
2006.0
2008.0
2009.0
2010.0
2012.0
2015.0
2018.0
2019.0
ПОСТ: 19108
1950.0
1951.0
1953.0
1954.0
1955.0
1956.0
1958.0
1959.0
1961.0
1962.0
1964.0
1965.0
1966.0
1967.0
1969.0
1970.0
1971.0
1972.0
1973.0
1974.0
1975.0
1976.0
1977.0
1979.0
1980.0
1982.0
1984.0
1986.0
1987.0
1989.0
1992.0
1995.0
1996.0
1997.0
1999.0
2003.0
2004.0
2006.0
2008.0
2009.0
2010.0
2011.0
2013.0
2015.0
2016.0
2017.0
2018.0
2019.0
ПОСТ: 19122
1949.0
1950.0
1951.0
1952.0
1953.0
1954.0
1955.0
1956.0
1961.0
1962.0
1964.0
1965.0
1967.0
1968.0
1972.0
1973.0
1974.0
1975.0
1976.0
1977.0
1979.0
1980.0
1982.0
1984.0
1986.0
1989.0
1992.0
1995.0
1996.0
1997.0
1999.0
2001.0
2003.0
2004.0
2005.0
2006.0
2008.0
2009.0
2010.0
2012.0
2013.0
2015.0
2016.0
2017.0
2018.0
2019.0
ПОСТ: 19123
1950.0
1951.0
1953.0
1954.0
1955.0
1956.0
1961.0
1962.0
1965.0
1967.0
1968.0
1969.0
1972.0
1973.0
1974.0
1975.0
1976.0
1977.0
1978.0
1979.0
1980.0
1982.0
1984.0
1985.0
1987.0
1989.0
1992.0
1995.0
1996.0
1999.0
2003.0
2006.0
2007.0
2008.0
2009.0
2010.0
2011.0
2013.0
2015.0
2016.0
2018.0
2019.0
ПОСТ: 19127
1950.0
1951.0
1952.0
1953.0
1954.0
1955.0
1956.0
1958.0
1959.0
1960.0
1961.0
1963.0
1965.0
1966.0
1967.0
1968.0
1969.0
1972.0
1973.0
1974.0
1975.0
1976.0
1977.0
1979.0
1980.0
1982.0
1984.0
1985.0
1986.0
1987.0
1992.0
1995.0
1996.0
1997.0
1999.0
2001.0
2003.0
2006.0
2008.0
2009.0
2010.0
2013.0
2016.0
2018.0
2019.0
ПОСТ: 19128
1950.0
1951.0
1953.0
1954.0
1955.0
1956.0
1958.0
1961.0
1963.0
1965.0
1967.0
1968.0
1969.0
1973.0
1974.0
1975.0
1976.0
1977.0
1978.0
1979.0
1980.0
1982.0
1983.0
1984.0
1986.0
1987.0
1988.0
1989.0
1992.0
1994.0
1995.0
1996.0
1997.0
1999.0
2000.0
2001.0
2003.0
2006.0
2008.0
2009.0
2012.0
2013.0
2018.0
2019.0
ПОСТ: 19135
1950.0
1951.0
1953.0
1954.0
1955.0
1956.0
1958.0
1961.0
1962.0
1965.0
1966.0
1967.0
1968.0
1972.0
1973.0
1974.0
1975.0
1976.0
1977.0
1978.0
1979.0
1980.0
1982.0
1983.0
1984.0
1986.0
1992.0
1995.0
1996.0
1997.0
1998.0
1999.0
2003.0
2004.0
2005.0
2006.0
2008.0
2009.0
2010.0
2011.0
2012.0
2013.0
2014.0
2015.0
2016.0
2017.0
2018.0
2019.0
ПОСТ: 19153
1949.0
1950.0
1951.0
1952.0
1953.0
1954.0
1955.0
1956.0
1961.0
1962.0
1963.0
1965.0
1967.0
1972.0
1973.0
1975.0
1976.0
1977.0
1978.0
1980.0
1982.0
1984.0
1986.0
1992.0
1995.0
1996.0
1997.0
1998.0
1999.0
2005.0
2006.0
2008.0
2009.0
2010.0
2011.0
2012.0
2013.0
2014.0
2015.0
2016.0
2017.0
2018.0
2019.0
ПОСТ: 19154
1950.0
1951.0
1953.0
1954.0
1955.0
1956.0
1961.0
1962.0
1965.0
1967.0
1968.0
1969.0
1972.0
1973.0
1975.0
1976.0
1977.0
1978.0
1979.0
1980.0
1982.0
1984.0
1989.0
1992.0
1995.0
1996.0
1999.0
2006.0
2008.0
2009.0
2010.0
2011.0
2012.0
2014.0
2015.0
2016.0
2018.0
2019.0
ПОСТ: 19159
1950.0
1951.0
1953.0
1954.0
1955.0
1956.0
1960.0
1961.0
1962.0
1965.0
1966.0
1967.0
1968.0
1969.0
1972.0
1973.0
1975.0
1976.0
1977.0
1980.0
1982.0
1984.0
1988.0
1991.0
1992.0
1995.0
1996.0
1998.0
1999.0
2003.0
2004.0
2005.0
2006.0
2008.0
2009.0
2010.0
2011.0
2012.0
2014.0
2015.0
2018.0
2019.0
ПОСТ: 19172
1950.0
1951.0
1953.0
1954.0
1955.0
1956.0
1960.0
1961.0
1962.0
1966.0
1967.0
1968.0
1969.0
1972.0
1973.0
1974.0
1975.0
1976.0
1977.0
1978.0
1979.0
1980.0
1981.0
1982.0
1983.0
1984.0
1985.0
1989.0
1992.0
1995.0
1996.0
1997.0
2006.0
2009.0
2010.0
2011.0
2012.0
2014.0
2015.0
2016.0
2018.0
2019.0
ПОСТ: 19185
1950.0
1951.0
1953.0
1954.0
1955.0
1956.0
1958.0
1959.0
1961.0
1962.0
1963.0
1965.0
1967.0
1968.0
1969.0
1973.0
1974.0
1975.0
1976.0
1977.0
1978.0
1979.0
1982.0
1984.0
1986.0
1988.0
1989.0
1992.0
1995.0
1996.0
1999.0
2000.0
2001.0
2003.0
2006.0
2008.0
2009.0
2010.0
2011.0
2012.0
2013.0
2015.0
2018.0
2019.0
ПОСТ: 19197
1946.0
1948.0
1949.0
1951.0
1952.0
1954.0
1956.0
1959.0
1960.0
1963.0
1964.0
1965.0
1967.0
1968.0
1969.0
1970.0
1971.0
1972.0
1973.0
1974.0
1975.0
1976.0
1977.0
1979.0
1982.0
1983.0
1984.0
1992.0
1993.0
1995.0
1996.0
1997.0
2001.0
2002.0
2006.0
2007.0
2014.0
2015.0
2016.0
2018.0
2019.0
ПОСТ: 75006
1946.0
1947.0
1948.0
1949.0
1951.0
1954.0
1956.0
1957.0
1960.0
1961.0
1963.0
1964.0
1965.0
1968.0
1969.0
1970.0
1971.0
1972.0
1973.0
1974.0
1975.0
1976.0
1979.0
1980.0
1982.0
1983.0
1995.0
1996.0
1997.0
2001.0
2002.0
2006.0
2007.0
2014.0
2015.0
2016.0
2018.0
ПОСТ: 75058
1946.0
1947.0
1948.0
1949.0
1951.0
1954.0
1959.0
1963.0
1964.0
1965.0
1967.0
1968.0
1969.0
1971.0
1972.0
1973.0
1974.0
1975.0
1977.0
1978.0
1979.0
1981.0
1988.0
1996.0
1997.0
2001.0
2002.0
2006.0
2007.0
2009.0
2010.0
2011.0
2014.0
2015.0
2016.0
2019.0
ПОСТ: 75079
1946.0
1947.0
1948.0
1949.0
1950.0
1951.0
1954.0
1959.0
1960.0
1963.0
1964.0
1965.0
1967.0
1968.0
1969.0
1970.0
1971.0
1972.0
1973.0
1974.0
1975.0
1976.0
1979.0
1982.0
1992.0
1996.0
1997.0
1999.0
2000.0
2001.0
2002.0
2003.0
2005.0
2006.0
2008.0
2014.0
2015.0
2016.0
2018.0
2019.0
ПОСТ: 75128
1946.0
1947.0
1948.0
1949.0
1950.0
1951.0
1954.0
1956.0
1959.0
1960.0
1961.0
1963.0
1964.0
1965.0
1967.0
1968.0
1970.0
1971.0
1972.0
1973.0
1974.0
1975.0
1976.0
1977.0
1979.0
1980.0
1985.0
1988.0
1992.0
1996.0
1997.0
1999.0
2002.0
2006.0
2007.0
2014.0
2015.0
2016.0
ПОСТ: 75150
1946.0
1948.0
1949.0
1951.0
1952.0
1954.0
1959.0
1960.0
1961.0
1963.0
1964.0
1965.0
1967.0
1968.0
1970.0
1971.0
1972.0
1973.0
1974.0
1975.0
1976.0
1977.0
1979.0
1980.0
1985.0
1988.0
1996.0
1997.0
1999.0
2002.0
2006.0
2007.0
2013.0
2014.0
2015.0
ПОСТ: 75151
1946.0
1947.0
1948.0
1949.0
1950.0
1951.0
1956.0
1960.0
1963.0
1964.0
1965.0
1967.0
1968.0
1970.0
1971.0
1972.0
1973.0
1974.0
1975.0
1977.0
1979.0
1980.0
1985.0
1986.0
1987.0
1988.0
1989.0
1996.0
1997.0
1999.0
2002.0
2003.0
2006.0
2007.0
2010.0
2011.0
2013.0
2014.0
2015.0
2018.0
ПОСТ: 75168
1946.0
1947.0
1948.0
1949.0
1950.0
1951.0
1954.0
1956.0
1959.0
1960.0
1963.0
1964.0
1965.0
1967.0
1968.0
1970.0
1971.0
1972.0
1973.0
1974.0
1975.0
1979.0
1980.0
1985.0
1988.0
1996.0
1997.0
1999.0
2001.0
2002.0
2003.0
2005.0
2006.0
2007.0
2013.0
2014.0
2015.0
ПОСТ: 75176
1947.0
1948.0
1949.0
1950.0
1951.0
1953.0
1954.0
1960.0
1963.0
1964.0
1965.0
1968.0
1970.0
1971.0
1972.0
1973.0
1974.0
1975.0
1979.0
1980.0
1981.0
1982.0
1983.0
1985.0
1986.0
1987.0
1988.0
1989.0
1996.0
1997.0
1999.0
2000.0
2001.0
2002.0
2003.0
2006.0
2007.0
2013.0
2014.0
2015.0
2016.0
ПОСТ: 75190
1946.0
1947.0
1948.0
1949.0
1950.0
1951.0
1954.0
1956.0
1959.0
1960.0
1961.0
1963.0
1964.0
1965.0
1967.0
1968.0
1969.0
1970.0
1971.0
1972.0
1973.0
1974.0
1975.0
1977.0
1979.0
1980.0
1981.0
1982.0
1983.0
1985.0
1986.0
1987.0
1996.0
1999.0
2000.0
2001.0
2002.0
2003.0
2005.0
2006.0
2007.0
2011.0
2013.0
2014.0
2015.0
2016.0
2018.0
ПОСТ: 75202
1972.0
1975.0
1976.0
1980.0
1992.0
1997.0
1999.0
ПОСТ: 75209
1947.0
1949.0
1950.0
1951.0
1952.0
1954.0
1955.0
1956.0
1960.0
1961.0
1963.0
1964.0
1965.0
1966.0
1967.0
1968.0
1970.0
1972.0
1973.0
1974.0
1975.0
1976.0
1979.0
1980.0
1981.0
1982.0
1985.0
1987.0
1989.0
1992.0
1995.0
1997.0
1999.0
2001.0
2002.0
2003.0
2005.0
2006.0
2010.0
ПОСТ: 75210
1946.0
1948.0
1949.0
1951.0
1952.0
1954.0
1960.0
1961.0
1963.0
1964.0
1965.0
1967.0
1968.0
1969.0
1971.0
1972.0
1973.0
1974.0
1975.0
1976.0
1977.0
1981.0
1984.0
1988.0
1989.0
1996.0
2000.0
2002.0
2006.0
2007.0
2008.0
2009.0
2010.0
2011.0
2014.0
2015.0
2016.0
2018.0
2019.0
ПОСТ: 75225
1946.0
1948.0
1949.0
1950.0
1951.0
1954.0
1959.0
1960.0
1963.0
1964.0
1967.0
1970.0
1971.0
1972.0
1973.0
1974.0
1975.0
1976.0
1977.0
1979.0
1981.0
1982.0
1984.0
1985.0
1988.0
1989.0
1996.0
1999.0
2000.0
2001.0
2002.0
2005.0
2006.0
2007.0
2009.0
2011.0
2014.0
2015.0
2016.0
2018.0
ПОСТ: 75241
1947.0
1948.0
1949.0
1950.0
1951.0
1953.0
1954.0
1959.0
1960.0
1961.0
1962.0
1963.0
1964.0
1965.0
1967.0
1970.0
1971.0
1972.0
1973.0
1975.0
1976.0
1977.0
1981.0
1984.0
1988.0
1989.0
1996.0
2000.0
2001.0
2002.0
2003.0
2006.0
2007.0
2009.0
2010.0
2011.0
2013.0
2014.0
2015.0
2016.0
2018.0
ПОСТ: 75254
1946.0
1948.0
1949.0
1950.0
1951.0
1954.0
1960.0
1963.0
1964.0
1965.0
1967.0
1968.0
1970.0
1971.0
1972.0
1973.0
1974.0
1975.0
1977.0
1979.0
1981.0
1985.0
1988.0
1989.0
1993.0
1996.0
1999.0
2000.0
2001.0
2002.0
2003.0
2006.0
2007.0
2008.0
2009.0
2010.0
2011.0
2013.0
2014.0
2015.0
2016.0
ПОСТ: 75259
1946.0
1948.0
1949.0
1950.0
1951.0
1960.0
1961.0
1963.0
1964.0
1965.0
1967.0
1971.0
1972.0
1973.0
1975.0
1976.0
1977.0
1979.0
1980.0
1984.0
1987.0
1988.0
1989.0
1995.0
1996.0
1997.0
1999.0
2000.0
2001.0
2002.0
2006.0
2007.0
2009.0
2010.0
2011.0
2014.0
2015.0
2018.0
ПОСТ: 75280
1946.0
1948.0
1949.0
1950.0
1951.0
1959.0
1960.0
1963.0
1964.0
1967.0
1970.0
1971.0
1972.0
1973.0
1974.0
1975.0
1976.0
1977.0
1979.0
1981.0
1983.0
1984.0
1985.0
1987.0
1988.0
1989.0
1996.0
1999.0
2000.0
2001.0
2002.0
2005.0
2006.0
2007.0
2009.0
2011.0
2014.0
2015.0
2016.0
2018.0
ПОСТ: 75284
1946.0
1948.0
1949.0
1950.0
1951.0
1954.0
1959.0
1960.0
1961.0
1962.0
1963.0
1964.0
1965.0
1966.0
1967.0
1970.0
1971.0
1972.0
1973.0
1975.0
1976.0
1977.0
1979.0
1981.0
1996.0
2000.0
2001.0
2002.0
2003.0
2006.0
2007.0
2010.0
2011.0
2013.0
2014.0
2015.0
ПОСТ: 75287
1946.0
1948.0
1949.0
1950.0
1951.0
1954.0
1959.0
1960.0
1963.0
1964.0
1967.0
1970.0
1971.0
1972.0
1973.0
1974.0
1975.0
1976.0
1977.0
1979.0
1980.0
1981.0
1982.0
1983.0
1984.0
1988.0
1989.0
1991.0
1995.0
1996.0
2000.0
2001.0
2002.0
2007.0
2009.0
2010.0
2011.0
2014.0
2015.0
2016.0
2018.0
ПОСТ: 75290
1946.0
1948.0
1949.0
1950.0
1951.0
1959.0
1960.0
1961.0
1962.0
1963.0
1964.0
1965.0
1967.0
1970.0
1971.0
1972.0
1973.0
1975.0
1976.0
1977.0
1979.0
1980.0
1981.0
1983.0
1984.0
1988.0
1989.0
1993.0
1995.0
1996.0
1997.0
2000.0
2001.0
2002.0
2007.0
2009.0
2010.0
2011.0
2014.0
2015.0
2018.0
2019.0
ПОСТ: 75293
1948.0
1949.0
1950.0
1954.0
1956.0
1957.0
1961.0
1962.0
1965.0
1968.0
1969.0
1971.0
1972.0
1973.0
1974.0
1975.0
1976.0
1984.0
1987.0
1988.0
1989.0
1992.0
1995.0
1997.0
2000.0
2001.0
2002.0
2008.0
2009.0
2010.0
2011.0
2012.0
2014.0
2015.0
2016.0
2017.0
2018.0
2019.0
ПОСТ: 75311
1948.0
1949.0
1950.0
1954.0
1956.0
1957.0
1959.0
1961.0
1964.0
1965.0
1968.0
1969.0
1971.0
1972.0
1973.0
1974.0
1975.0
1976.0
1983.0
1984.0
1987.0
1988.0
1989.0
1992.0
1993.0
1996.0
1997.0
2002.0
2008.0
2009.0
2010.0
2011.0
2014.0
2015.0
2016.0
2017.0
2018.0
2019.0
ПОСТ: 75314
1948.0
1949.0
1950.0
1954.0
1956.0
1957.0
1959.0
1961.0
1964.0
1965.0
1968.0
1969.0
1971.0
1972.0
1973.0
1974.0
1975.0
1976.0
1977.0
1978.0
1983.0
1984.0
1987.0
1988.0
1989.0
1995.0
1996.0
1997.0
2000.0
2002.0
2007.0
2008.0
2009.0
2010.0
2011.0
2014.0
2015.0
2016.0
2017.0
2018.0
2019.0
ПОСТ: 75317
1946.0
1948.0
1949.0
1950.0
1951.0
1954.0
1956.0
1957.0
1959.0
1961.0
1964.0
1965.0
1967.0
1968.0
1969.0
1971.0
1972.0
1973.0
1975.0
1976.0
1977.0
1984.0
1987.0
1988.0
1989.0
1995.0
1996.0
1997.0
2002.0
2009.0
2010.0
2011.0
2014.0
2015.0
2016.0
2017.0
2018.0
2019.0
ПОСТ: 75320
1948.0
1949.0
1950.0
1951.0
1954.0
1956.0
1957.0
1961.0
1964.0
1965.0
1968.0
1969.0
1971.0
1972.0
1973.0
1975.0
1976.0
1984.0
1987.0
1988.0
1989.0
1992.0
1996.0
1997.0
2002.0
2009.0
2010.0
2011.0
2014.0
2015.0
2016.0
2019.0
ПОСТ: 75326
1946.0
1949.0
1950.0
1951.0
1954.0
1956.0
1957.0
1960.0
1961.0
1964.0
1965.0
1967.0
1968.0
1969.0
1971.0
1972.0
1973.0
1975.0
1976.0
1984.0
1987.0
1988.0
1989.0
1992.0
1996.0
1997.0
2000.0
2002.0
2009.0
2010.0
2011.0
2014.0
2015.0
2016.0
2017.0
2019.0
ПОСТ: 75328
1948.0
1949.0
1950.0
1954.0
1956.0
1957.0
1961.0
1962.0
1966.0
1968.0
1971.0
1972.0
1973.0
1974.0
1975.0
1976.0
1977.0
1978.0
1980.0
1984.0
1988.0
1989.0
1990.0
1991.0
1992.0
1995.0
1997.0
1998.0
2001.0
2002.0
2009.0
2011.0
2014.0
2015.0
2016.0
2017.0
2018.0
2019.0
ПОСТ: 75337
1948.0
1949.0
1950.0
1954.0
1955.0
1956.0
1957.0
1961.0
1962.0
1965.0
1968.0
1969.0
1971.0
1972.0
1973.0
1974.0
1975.0
1976.0
1980.0
1984.0
1987.0
1989.0
1990.0
1991.0
1992.0
1993.0
1995.0
1996.0
1997.0
1998.0
2009.0
2010.0
2011.0
2012.0
2014.0
2015.0
2016.0
2017.0
2019.0
ПОСТ: 75339
1948.0
1949.0
1950.0
1954.0
1955.0
1956.0
1957.0
1959.0
1960.0
1961.0
1964.0
1965.0
1968.0
1969.0
1972.0
1973.0
1975.0
1976.0
1977.0
1978.0
1982.0
1983.0
1984.0
1985.0
1987.0
1989.0
1992.0
1995.0
1996.0
1997.0
2002.0
2008.0
2010.0
2011.0
2014.0
2015.0
2016.0
2017.0
2018.0
2019.0
ПОСТ: 75367
1948.0
1949.0
1950.0
1951.0
1954.0
1956.0
1959.0
1960.0
1961.0
1963.0
1964.0
1965.0
1967.0
1968.0
1969.0
1972.0
1973.0
1974.0
1975.0
1976.0
1977.0
1983.0
1984.0
1987.0
1991.0
1992.0
1993.0
1996.0
1997.0
2002.0
2003.0
2007.0
2008.0
2010.0
2011.0
2014.0
2015.0
2016.0
2017.0
2018.0
2019.0
ПОСТ: 75382
1948.0
1949.0
1950.0
1951.0
1954.0
1956.0
1957.0
1959.0
1961.0
1963.0
1964.0
1965.0
1967.0
1968.0
1969.0
1971.0
1972.0
1973.0
1974.0
1975.0
1976.0
1977.0
1978.0
1981.0
1984.0
1992.0
1993.0
1995.0
1996.0
1997.0
2002.0
2003.0
2007.0
2008.0
2011.0
2014.0
2015.0
2016.0
2018.0
2019.0
ПОСТ: 75389
1948.0
1949.0
1950.0
1954.0
1957.0
1961.0
1963.0
1964.0
1965.0
1968.0
1969.0
1972.0
1973.0
1975.0
1976.0
1982.0
1983.0
1984.0
1987.0
1988.0
1989.0
1992.0
1995.0
1996.0
1997.0
2000.0
2002.0
2007.0
2009.0
2010.0
2011.0
2012.0
2014.0
2015.0
2016.0
2017.0
2018.0
2019.0
ПОСТ: 75394
1946.0
1948.0
1949.0
1950.0
1951.0
1952.0
1954.0
1956.0
1957.0
1959.0
1960.0
1961.0
1963.0
1964.0
1965.0
1967.0
1968.0
1969.0
1971.0
1972.0
1973.0
1974.0
1975.0
1976.0
1977.0
1978.0
1996.0
1997.0
2003.0
2008.0
2010.0
2011.0
2014.0
2015.0
2016.0
2018.0
2019.0
ПОСТ: 75402
1947.0
1949.0
1950.0
1951.0
1952.0
1953.0
1954.0
1956.0
1957.0
1958.0
1959.0
1960.0
1962.0
1965.0
1966.0
1967.0
1969.0
1971.0
1972.0
1973.0
1975.0
1976.0
1982.0
1984.0
1986.0
1987.0
1988.0
1989.0
1992.0
1993.0
1996.0
1997.0
2008.0
2009.0
2010.0
2011.0
2014.0
2015.0
2017.0
2019.0
ПОСТ: 75497
1946.0
1949.0
1950.0
1951.0
1952.0
1953.0
1954.0
1956.0
1957.0
1958.0
1960.0
1962.0
1965.0
1967.0
1969.0
1971.0
1972.0
1973.0
1975.0
1976.0
1982.0
1983.0
1984.0
1986.0
1987.0
1988.0
1989.0
1992.0
1993.0
1996.0
1997.0
2008.0
2009.0
2010.0
2011.0
2014.0
2015.0
2017.0
2019.0
ПОСТ: 75500
1947.0
1949.0
1950.0
1951.0
1952.0
1953.0
1954.0
1956.0
1957.0
1958.0
1959.0
1960.0
1961.0
1962.0
1965.0
1966.0
1967.0
1969.0
1971.0
1972.0
1973.0
1974.0
1975.0
1976.0
1978.0
1979.0
1982.0
1984.0
1986.0
1987.0
1988.0
1989.0
1992.0
1996.0
1997.0
2009.0
2010.0
2011.0
2014.0
2015.0
2019.0
ПОСТ: 75501
1949.0
1950.0
1952.0
1954.0
1956.0
1958.0
1961.0
1962.0
1965.0
1966.0
1967.0
1969.0
1971.0
1972.0
1973.0
1975.0
1976.0
1982.0
1983.0
1984.0
1985.0
1986.0
1987.0
1988.0
1989.0
1990.0
1991.0
1992.0
1997.0
1998.0
1999.0
2003.0
2009.0
2010.0
2011.0
2014.0
2015.0
2017.0
2019.0
ПОСТ: 75518
1965.0
1967.0
1968.0
1971.0
1972.0
1973.0
1975.0
1976.0
1979.0
1982.0
1984.0
1986.0
1987.0
1988.0
1989.0
1992.0
1994.0
1996.0
1997.0
ПОСТ: 75530
1947.0
1949.0
1950.0
1951.0
1952.0
1953.0
1954.0
1956.0
1957.0
1958.0
1959.0
1960.0
1962.0
1964.0
1965.0
1967.0
1968.0
1969.0
1971.0
1972.0
1973.0
1975.0
1976.0
1982.0
1983.0
1984.0
1987.0
1988.0
1989.0
1991.0
1992.0
1993.0
1996.0
1997.0
1998.0
2002.0
2010.0
2011.0
2012.0
2014.0
2015.0
2016.0
2017.0
2019.0
ПОСТ: 75536
1946.0
1948.0
1949.0
1950.0
1951.0
1954.0
1957.0
1958.0
1960.0
1963.0
1964.0
1967.0
1968.0
1969.0
1971.0
1972.0
1973.0
1975.0
1976.0
1984.0
1988.0
1989.0
1993.0
1996.0
1997.0
2000.0
2002.0
2003.0
2007.0
2008.0
2009.0
2010.0
2011.0
2012.0
2014.0
2015.0
2016.0
2019.0
ПОСТ: 75552
1946.0
1948.0
1949.0
1950.0
1951.0
1954.0
1960.0
1963.0
1964.0
1965.0
1967.0
1968.0
1969.0
1971.0
1972.0
1973.0
1974.0
1975.0
1976.0
1978.0
1984.0
1988.0
1989.0
1993.0
1996.0
1997.0
2000.0
2001.0
2002.0
2003.0
2007.0
2009.0
2010.0
2011.0
2014.0
2015.0
2016.0
2018.0
2019.0
ПОСТ: 75553
1946.0
1948.0
1949.0
1951.0
1954.0
1960.0
1963.0
1964.0
1965.0
1967.0
1968.0
1969.0
1971.0
1972.0
1973.0
1974.0
1975.0
1976.0
1977.0
1982.0
1984.0
1988.0
1989.0
1995.0
1996.0
2000.0
2002.0
2006.0
2007.0
2009.0
2010.0
2011.0
2014.0
2015.0
2016.0
2019.0
ПОСТ: 75576
1946.0
1949.0
1950.0
1951.0
1954.0
1956.0
1960.0
1961.0
1963.0
1964.0
1965.0
1967.0
1968.0
1969.0
1971.0
1972.0
1973.0
1975.0
1976.0
1977.0
1983.0
1984.0
1987.0
1988.0
1996.0
1997.0
2000.0
2002.0
2006.0
2007.0
2008.0
2009.0
2010.0
2011.0
2014.0
2015.0
2018.0
2019.0
ПОСТ: 75608
1949.0
1950.0
1951.0
1952.0
1954.0
1956.0
1958.0
1959.0
1960.0
1962.0
1964.0
1965.0
1966.0
1967.0
1968.0
1969.0
1971.0
1972.0
1973.0
1974.0
1975.0
1976.0
1982.0
1984.0
1986.0
1987.0
1988.0
1989.0
1992.0
1993.0
1996.0
1997.0
2008.0
2009.0
2010.0
2011.0
2014.0
2015.0
2019.0
ПОСТ: 75627
1962.0
1964.0
1966.0
1967.0
1969.0
1972.0
1973.0
1975.0
1977.0
1984.0
1985.0
1992.0
1994.0
1996.0
2009.0
2014.0
2015.0
2019.0
ПОСТ: 75635
1949.0
1950.0
1951.0
1952.0
1954.0
1956.0
1958.0
1959.0
1960.0
1962.0
1964.0
1965.0
1966.0
1967.0
1968.0
1969.0
1970.0
1971.0
1972.0
1973.0
1974.0
1975.0
1976.0
1982.0
1984.0
1986.0
1987.0
1988.0
1989.0
1996.0
2008.0
2009.0
2010.0
2011.0
2012.0
2014.0
2015.0
2016.0
2018.0
2019.0
ПОСТ: 75643
1949.0
1950.0
1951.0
1952.0
1953.0
1954.0
1956.0
1958.0
1959.0
1960.0
1962.0
1964.0
1965.0
1970.0
1971.0
1972.0
1973.0
1975.0
1976.0
1982.0
1983.0
1984.0
1986.0
1987.0
1988.0
1989.0
1992.0
1993.0
1996.0
2007.0
2008.0
2009.0
2010.0
2011.0
2014.0
2015.0
2017.0
2019.0
ПОСТ: 75646
1946.0
1948.0
1949.0
1950.0
1951.0
1954.0
1959.0
1960.0
1961.0
1962.0
1963.0
1964.0
1967.0
1969.0
1970.0
1971.0
1972.0
1973.0
1975.0
1976.0
1977.0
1979.0
1983.0
1984.0
1985.0
1987.0
1988.0
1991.0
1995.0
1996.0
1999.0
2000.0
2001.0
2002.0
2007.0
2010.0
2011.0
2014.0
2015.0
2018.0
ПОСТ: 75674
1946.0
1948.0
1949.0
1950.0
1951.0
1959.0
1960.0
1961.0
1963.0
1964.0
1967.0
1969.0
1970.0
1971.0
1972.0
1973.0
1975.0
1976.0
1977.0
1979.0
1983.0
1988.0
1989.0
1995.0
1996.0
2000.0
2001.0
2002.0
2006.0
2007.0
2009.0
2010.0
2011.0
2014.0
2015.0
2018.0
ПОСТ: 75676
1946.0
1948.0
1949.0
1950.0
1951.0
1959.0
1960.0
1961.0
1963.0
1964.0
1965.0
1967.0
1969.0
1970.0
1971.0
1972.0
1973.0
1975.0
1976.0
1977.0
1979.0
1988.0
1989.0
1991.0
1995.0
1996.0
1999.0
2000.0
2001.0
2002.0
2006.0
2009.0
2010.0
2011.0
2014.0
2015.0
ПОСТ: 75678
1946.0
1948.0
1949.0
1950.0
1951.0
1959.0
1960.0
1961.0
1963.0
1964.0
1966.0
1967.0
1970.0
1971.0
1972.0
1973.0
1975.0
1976.0
1977.0
1979.0
1981.0
1984.0
1987.0
1988.0
1989.0
1992.0
1995.0
1996.0
1999.0
2000.0
2001.0
2002.0
2006.0
2009.0
2010.0
2011.0
2013.0
2014.0
2015.0
2016.0
2018.0
ПОСТ: 75682
1950.0
1951.0
1952.0
1954.0
1956.0
1958.0
1959.0
1960.0
1971.0
1972.0
1973.0
1975.0
1982.0
1984.0
1987.0
1988.0
1989.0
1993.0
1996.0
1997.0
2002.0
2006.0
2008.0
2009.0
2010.0
2011.0
2014.0
2015.0
2016.0
2017.0
2019.0
ПОСТ: 77112
1951.0
1952.0
1953.0
1954.0
1955.0
1956.0
1957.0
1958.0
1959.0
1960.0
1961.0
1962.0
1963.0
1964.0
1965.0
1968.0
1969.0
1972.0
1973.0
1975.0
1976.0
1984.0
1987.0
1988.0
1989.0
1995.0
1996.0
1997.0
1998.0
2000.0
2010.0
2011.0
2014.0
2015.0
2018.0
2019.0
ПОСТ: 77116
1946.0
1948.0
1949.0
1950.0
1951.0
1952.0
1953.0
1954.0
1955.0
1956.0
1957.0
1958.0
1959.0
1960.0
1961.0
1962.0
1963.0
1964.0
1967.0
1969.0
1971.0
1972.0
1973.0
1975.0
1976.0
1977.0
1983.0
1984.0
1987.0
1988.0
1989.0
1993.0
1996.0
1997.0
1998.0
1999.0
2000.0
2009.0
2010.0
2011.0
2014.0
ПОСТ: 77124
1950.0
1951.0
1952.0
1954.0
1956.0
1958.0
1959.0
1960.0
1969.0
1971.0
1972.0
1973.0
1975.0
1980.0
1982.0
1983.0
1984.0
1987.0
1988.0
1989.0
1992.0
1993.0
1996.0
1998.0
2000.0
2002.0
2003.0
2004.0
2006.0
2007.0
2008.0
2009.0
2010.0
2011.0
2014.0
2015.0
2019.0
ПОСТ: 77130
1951.0
1952.0
1954.0
1959.0
1969.0
1971.0
1972.0
1973.0
1975.0
1976.0
1977.0
1983.0
1984.0
1987.0
1988.0
1989.0
1992.0
1993.0
1996.0
2009.0
2010.0
2011.0
2014.0
2018.0
2019.0
ПОСТ: 77132
1949.0
1950.0
1952.0
1953.0
1954.0
1956.0
1958.0
1959.0
1960.0
1962.0
1965.0
1966.0
1967.0
1968.0
1969.0
1972.0
1973.0
1974.0
1975.0
1976.0
1977.0
1980.0
1981.0
1982.0
1984.0
1985.0
1986.0
1987.0
1988.0
1989.0
1992.0
1996.0
2000.0
2002.0
2003.0
2009.0
2010.0
2011.0
2015.0
2016.0
2019.0
ПОСТ: 77140
1949.0
1951.0
1952.0
1954.0
1956.0
1958.0
1959.0
1960.0
1969.0
1971.0
1972.0
1973.0
1975.0
1976.0
1982.0
1983.0
1984.0
1986.0
1987.0
1988.0
1989.0
1992.0
1993.0
1994.0
1995.0
1996.0
1997.0
1998.0
2008.0
2009.0
2010.0
2011.0
2014.0
2015.0
2016.0
2019.0
ПОСТ: 77164
1950.0
1951.0
1952.0
1954.0
1959.0
1960.0
1964.0
1967.0
1971.0
1972.0
1973.0
1975.0
1976.0
1980.0
1984.0
1985.0
1987.0
1988.0
1996.0
1999.0
2004.0
2007.0
2008.0
2009.0
2010.0
2011.0
2013.0
2014.0
2015.0
2017.0
2019.0
ПОСТ: 77166
1946.0
1949.0
1950.0
1951.0
1952.0
1953.0
1954.0
1955.0
1956.0
1958.0
1959.0
1960.0
1961.0
1962.0
1964.0
1965.0
1966.0
1967.0
1968.0
1969.0
1970.0
1971.0
1973.0
1974.0
1975.0
1976.0
1977.0
1978.0
1980.0
1981.0
1982.0
1984.0
1986.0
1996.0
2004.0
2006.0
2009.0
2010.0
2011.0
2012.0
2014.0
2015.0
2019.0
ПОСТ: 77179
1950.0
1951.0
1952.0
1953.0
1954.0
1956.0
1958.0
1959.0
1960.0
1961.0
1962.0
1964.0
1967.0
1968.0
1969.0
1970.0
1973.0
1975.0
1976.0
1977.0
1980.0
1983.0
1984.0
1985.0
1993.0
1996.0
2006.0
2009.0
2010.0
2011.0
2012.0
2013.0
2014.0
2015.0
2019.0
ПОСТ: 77189
1952.0
1953.0
1954.0
1956.0
1958.0
1959.0
1960.0
1964.0
1965.0
1967.0
1972.0
1973.0
1975.0
1976.0
1977.0
1980.0
1984.0
1989.0
1996.0
1999.0
2009.0
2011.0
2013.0
2014.0
2015.0
2016.0
2017.0
2018.0
2019.0
ПОСТ: 77193
1951.0
1952.0
1954.0
1959.0
1960.0
1963.0
1964.0
1967.0
1972.0
1973.0
1975.0
1977.0
1980.0
1984.0
1988.0
1989.0
1996.0
2002.0
2009.0
2010.0
2011.0
2014.0
2015.0
2016.0
2017.0
2019.0
ПОСТ: 77197
1951.0
1952.0
1953.0
1954.0
1958.0
1960.0
1962.0
1967.0
1970.0
1972.0
1973.0
1974.0
1975.0
1976.0
1977.0
1980.0
1984.0
1986.0
1988.0
1989.0
1993.0
1994.0
1996.0
1998.0
2002.0
2004.0
2009.0
2010.0
2011.0
2014.0
2015.0
2016.0
2017.0
2019.0
ПОСТ: 77201
1972.0
1975.0
1995.0
1996.0
2001.0
2002.0
2003.0
2004.0
2005.0
2006.0
2007.0
2008.0
2009.0
2010.0
2011.0
2012.0
2013.0
2014.0
2015.0
2016.0
ПОСТ: 77209
1967.0
1972.0
1973.0
1974.0
1976.0
1977.0
1984.0
1996.0
2009.0
2010.0
2011.0
2014.0
2015.0
ПОСТ: 77210
1949.0
1952.0
1953.0
1954.0
1956.0
1958.0
1960.0
1965.0
1966.0
1967.0
1969.0
1970.0
1972.0
1973.0
1974.0
1975.0
1976.0
1977.0
1980.0
1984.0
1989.0
1992.0
1993.0
1996.0
1997.0
1999.0
2002.0
2003.0
2004.0
2006.0
2007.0
2008.0
2009.0
2010.0
2011.0
2012.0
2013.0
2014.0
2015.0
2016.0
2017.0
2018.0
2019.0
ПОСТ: 77212
1951.0
1952.0
1953.0
1954.0
1956.0
1958.0
1959.0
1960.0
1964.0
1967.0
1970.0
1972.0
1973.0
1974.0
1975.0
1976.0
1977.0
1980.0
1982.0
1984.0
1986.0
1989.0
1993.0
1996.0
1997.0
2003.0
2004.0
2005.0
2006.0
2009.0
2010.0
2011.0
2012.0
2013.0
2014.0
2015.0
2016.0
2017.0
2018.0
2019.0
ПОСТ: 77217
1967.0
1972.0
1975.0
1984.0
2007.0
2009.0
2010.0
2011.0
2014.0
2015.0
2016.0
ПОСТ: 77223
1946.0
1949.0
1950.0
1952.0
1953.0
1954.0
1955.0
1956.0
1959.0
1960.0
1962.0
1964.0
1965.0
1966.0
1967.0
1968.0
1969.0
1970.0
1971.0
1972.0
1973.0
1974.0
1975.0
1976.0
1977.0
1978.0
1983.0
1984.0
1992.0
1996.0
2003.0
2004.0
2006.0
2008.0
2009.0
2010.0
2011.0
2012.0
2013.0
2014.0
2015.0
2016.0
2017.0
2018.0
2019.0
ПОСТ: 77231
1949.0
1951.0
1952.0
1953.0
1954.0
1956.0
1958.0
1959.0
1960.0
1962.0
1965.0
1966.0
1967.0
1969.0
1970.0
1971.0
1972.0
1973.0
1974.0
1975.0
1976.0
1977.0
1978.0
1980.0
1983.0
1984.0
1989.0
1992.0
1996.0
1997.0
2002.0
2003.0
2006.0
2009.0
2010.0
2011.0
2012.0
2013.0
2014.0
2015.0
2019.0
ПОСТ: 77242
1949.0
1950.0
1951.0
1953.0
1954.0
1955.0
1956.0
1958.0
1960.0
1961.0
1962.0
1965.0
1966.0
1967.0
1968.0
1969.0
1972.0
1973.0
1974.0
1975.0
1976.0
1977.0
1978.0
1979.0
1980.0
1981.0
1983.0
1984.0
1986.0
1988.0
1989.0
1990.0
1991.0
1992.0
1995.0
1996.0
1997.0
1998.0
2000.0
2001.0
2014.0
2015.0
2016.0
2019.0
ПОСТ: 77245
1950.0
1952.0
1954.0
1955.0
1956.0
1960.0
1961.0
1962.0
1966.0
1967.0
1968.0
1969.0
1971.0
1972.0
1973.0
1974.0
1975.0
1976.0
1977.0
1978.0
1979.0
1981.0
1982.0
1983.0
1984.0
1989.0
1992.0
1995.0
1996.0
1997.0
2000.0
2006.0
2007.0
2008.0
2009.0
2012.0
2014.0
2015.0
2016.0
2018.0
2019.0
ПОСТ: 77250
1950.0
1951.0
1952.0
1954.0
1955.0
1956.0
1960.0
1961.0
1962.0
1967.0
1968.0
1969.0
1971.0
1972.0
1973.0
1974.0
1975.0
1976.0
1977.0
1978.0
1979.0
1981.0
1982.0
1983.0
1984.0
1989.0
1992.0
1996.0
1997.0
2006.0
2008.0
2009.0
2010.0
2011.0
2012.0
2014.0
2015.0
2016.0
2018.0
2019.0
ПОСТ: 77266
1950.0
1951.0
1952.0
1953.0
1954.0
1955.0
1956.0
1960.0
1961.0
1962.0
1965.0
1966.0
1967.0
1968.0
1969.0
1971.0
1972.0
1973.0
1974.0
1975.0
1976.0
1977.0
1979.0
1981.0
1983.0
1989.0
1990.0
1992.0
1995.0
1996.0
1997.0
2004.0
2006.0
2007.0
2008.0
2009.0
2010.0
2012.0
2014.0
2015.0
2016.0
2018.0
2019.0
ПОСТ: 77270
1949.0
1950.0
1951.0
1952.0
1953.0
1954.0
1955.0
1956.0
1957.0
1958.0
1959.0
1960.0
1961.0
1962.0
1966.0
1967.0
1968.0
1969.0
1971.0
1972.0
1973.0
1974.0
1975.0
1976.0
1977.0
1978.0
1979.0
1980.0
1981.0
1982.0
1984.0
1985.0
1989.0
1996.0
2009.0
2012.0
2014.0
2015.0
2016.0
2019.0
ПОСТ: 77276
1951.0
1952.0
1954.0
1955.0
1956.0
1961.0
1962.0
1966.0
1967.0
1968.0
1969.0
1971.0
1972.0
1973.0
1974.0
1975.0
1976.0
1977.0
1978.0
1981.0
1982.0
1983.0
1984.0
1989.0
1992.0
1996.0
2006.0
2008.0
2009.0
2010.0
2012.0
2013.0
2014.0
2015.0
2016.0
2018.0
2019.0
ПОСТ: 77285
1950.0
1951.0
1952.0
1953.0
1954.0
1955.0
1956.0
1959.0
1961.0
1962.0
1967.0
1968.0
1969.0
1971.0
1972.0
1973.0
1974.0
1975.0
1976.0
1977.0
1978.0
1980.0
1981.0
1982.0
1983.0
1984.0
1992.0
1993.0
1996.0
1997.0
2004.0
2006.0
2008.0
2009.0
2010.0
2011.0
2012.0
2013.0
2014.0
2015.0
2019.0
ПОСТ: 77292
1948.0
1950.0
1952.0
1953.0
1955.0
1956.0
1959.0
1960.0
1961.0
1962.0
1966.0
1969.0
1971.0
1972.0
1973.0
1974.0
1975.0
1976.0
1977.0
1978.0
1982.0
1983.0
1984.0
1989.0
1992.0
1993.0
1996.0
1997.0
2006.0
2008.0
2009.0
2010.0
2013.0
2014.0
2015.0
2016.0
2018.0
2019.0
ПОСТ: 77298
1952.0
1953.0
1954.0
1955.0
1956.0
1959.0
1960.0
1961.0
1965.0
1966.0
1967.0
1969.0
1971.0
1972.0
1973.0
1974.0
1975.0
1976.0
1977.0
1981.0
1982.0
1984.0
1989.0
1992.0
1993.0
1995.0
1996.0
1997.0
1999.0
2000.0
2004.0
2006.0
2008.0
2009.0
2010.0
2013.0
2014.0
2015.0
2016.0
2018.0
2019.0
ПОСТ: 77311
1949.0
1950.0
1952.0
1953.0
1954.0
1956.0
1958.0
1959.0
1962.0
1963.0
1965.0
1966.0
1967.0
1969.0
1970.0
1971.0
1972.0
1974.0
1975.0
1976.0
1978.0
1984.0
1999.0
2000.0
2001.0
2002.0
2003.0
2006.0
2007.0
2008.0
2009.0
2010.0
2011.0
2012.0
2013.0
2014.0
2015.0
2016.0
2017.0
2018.0
2019.0
ПОСТ: 77327
1946.0
1947.0
1949.0
1950.0
1951.0
1952.0
1953.0
1954.0
1956.0
1958.0
1959.0
1960.0
1962.0
1963.0
1964.0
1965.0
1967.0
1968.0
1969.0
1970.0
1971.0
1972.0
1973.0
1974.0
1975.0
1976.0
1978.0
1981.0
1982.0
1983.0
1984.0
1985.0
1986.0
1987.0
1989.0
1996.0
2009.0
2010.0
2011.0
2013.0
2014.0
2015.0
2016.0
2017.0
2018.0
2019.0
ПОСТ: 77329
1952.0
1954.0
1956.0
1959.0
1962.0
1963.0
1965.0
1966.0
1967.0
1969.0
1972.0
1973.0
1974.0
1975.0
1976.0
1977.0
1980.0
1984.0
1985.0
1989.0
1992.0
1993.0
1995.0
1996.0
1997.0
1999.0
2000.0
2001.0
2003.0
2004.0
2006.0
2007.0
2008.0
2009.0
2010.0
2012.0
2014.0
2015.0
2016.0
2018.0
2019.0
ПОСТ: 77336
1947.0
1950.0
1953.0
1954.0
1959.0
1960.0
1963.0
1965.0
1966.0
1967.0
1969.0
1972.0
1973.0
1975.0
1976.0
1977.0
1978.0
1979.0
1980.0
1981.0
1982.0
1983.0
1984.0
1985.0
1987.0
1988.0
1989.0
1992.0
1995.0
1996.0
1998.0
1999.0
2000.0
2001.0
2002.0
2004.0
2006.0
2007.0
2008.0
2009.0
2011.0
2012.0
2013.0
2015.0
2016.0
2017.0
2018.0
ПОСТ: 77362
1949.0
1950.0
1952.0
1953.0
1954.0
1956.0
1957.0
1958.0
1959.0
1960.0
1962.0
1963.0
1965.0
1966.0
1967.0
1969.0
1971.0
1972.0
1973.0
1974.0
1975.0
1976.0
1984.0
1986.0
1989.0
1992.0
1996.0
1999.0
2000.0
2002.0
2007.0
2009.0
2010.0
2011.0
2014.0
2015.0
2016.0
ПОСТ: 77409
1949.0
1950.0
1954.0
1956.0
1961.0
1962.0
1965.0
1966.0
1968.0
1969.0
1970.0
1971.0
1972.0
1973.0
1974.0
1975.0
1976.0
1984.0
1987.0
1988.0
1989.0
1990.0
1991.0
1992.0
1995.0
1997.0
2001.0
2002.0
2004.0
2010.0
2011.0
2014.0
2015.0
2017.0
2019.0
ПОСТ: 78004
1949.0
1950.0
1954.0
1956.0
1959.0
1961.0
1962.0
1965.0
1966.0
1969.0
1972.0
1973.0
1974.0
1975.0
1987.0
1988.0
1989.0
1990.0
1991.0
1992.0
1995.0
1997.0
1998.0
2000.0
2001.0
2002.0
2003.0
2004.0
2007.0
2008.0
2009.0
2010.0
2011.0
2014.0
2015.0
2016.0
2017.0
2019.0
ПОСТ: 78011
1949.0
1950.0
1954.0
1956.0
1958.0
1959.0
1961.0
1962.0
1965.0
1966.0
1969.0
1972.0
1973.0
1974.0
1975.0
1976.0
1977.0
1982.0
1984.0
1987.0
1988.0
1989.0
1990.0
1991.0
1992.0
1993.0
1997.0
1998.0
1999.0
2000.0
2001.0
2010.0
2011.0
2014.0
2015.0
2017.0
2019.0
ПОСТ: 78012
1949.0
1950.0
1954.0
1956.0
1961.0
1962.0
1965.0
1966.0
1969.0
1972.0
1973.0
1974.0
1975.0
1976.0
1984.0
1985.0
1987.0
1988.0
1989.0
1990.0
1992.0
1997.0
1999.0
2000.0
2001.0
2002.0
2008.0
2009.0
2010.0
2011.0
2014.0
2015.0
2016.0
2017.0
2019.0
ПОСТ: 78013
1949.0
1950.0
1952.0
1954.0
1959.0
1961.0
1962.0
1965.0
1966.0
1967.0
1969.0
1972.0
1973.0
1974.0
1975.0
1976.0
1982.0
1984.0
1985.0
1987.0
1988.0
1989.0
1992.0
1995.0
1996.0
1997.0
1998.0
2002.0
2008.0
2009.0
2010.0
2011.0
2014.0
2015.0
2016.0
2017.0
2019.0
ПОСТ: 78018
1950.0
1953.0
1954.0
1955.0
1956.0
1957.0
1961.0
1962.0
1965.0
1966.0
1968.0
1969.0
1971.0
1972.0
1973.0
1974.0
1975.0
1976.0
1984.0
1987.0
1988.0
1989.0
1990.0
1991.0
1992.0
1993.0
1995.0
1996.0
1997.0
1998.0
2019.0
ПОСТ: 78050
1950.0
1954.0
1956.0
1961.0
1962.0
1965.0
1966.0
1968.0
1972.0
1973.0
1974.0
1975.0
1976.0
1984.0
1985.0
1987.0
1988.0
1989.0
1990.0
1991.0
1992.0
1993.0
1995.0
1997.0
2002.0
2004.0
2008.0
2009.0
2011.0
2012.0
2014.0
2015.0
2017.0
2019.0
ПОСТ: 78053
1948.0
1949.0
1950.0
1954.0
1956.0
1961.0
1962.0
1965.0
1966.0
1968.0
1969.0
1972.0
1973.0
1974.0
1975.0
1976.0
1984.0
1987.0
1988.0
1989.0
1990.0
1991.0
1992.0
1995.0
1997.0
2000.0
2001.0
2002.0
2004.0
2007.0
2008.0
2009.0
2011.0
2012.0
2013.0
2014.0
2015.0
2016.0
2017.0
2018.0
2019.0
ПОСТ: 78054
1947.0
1948.0
1949.0
1950.0
1951.0
1954.0
1956.0
1959.0
1961.0
1962.0
1965.0
1967.0
1969.0
1972.0
1973.0
1974.0
1975.0
1976.0
1982.0
1984.0
1985.0
1987.0
1988.0
1989.0
1992.0
1996.0
1997.0
1998.0
2002.0
2003.0
2004.0
2008.0
2009.0
2010.0
2011.0
2014.0
2015.0
2017.0
2019.0
ПОСТ: 78082
1948.0
1949.0
1950.0
1951.0
1954.0
1956.0
1958.0
1959.0
1961.0
1962.0
1965.0
1966.0
1969.0
1972.0
1973.0
1974.0
1975.0
1976.0
1977.0
1978.0
1983.0
1984.0
1987.0
1988.0
1989.0
1990.0
1991.0
1992.0
1997.0
1999.0
2000.0
2001.0
2002.0
2004.0
2005.0
2007.0
2008.0
2009.0
2010.0
2012.0
2013.0
2014.0
2015.0
2019.0
ПОСТ: 78106
1949.0
1950.0
1954.0
1955.0
1956.0
1959.0
1961.0
1962.0
1965.0
1966.0
1967.0
1969.0
1972.0
1973.0
1975.0
1976.0
1977.0
1980.0
1982.0
1983.0
1984.0
1985.0
1986.0
1987.0
1988.0
1989.0
1990.0
1991.0
1992.0
1995.0
1996.0
1997.0
1998.0
1999.0
2000.0
2003.0
2008.0
2009.0
2010.0
2011.0
2012.0
2014.0
2015.0
2016.0
2017.0
2019.0
ПОСТ: 78111
1947.0
1948.0
1949.0
1950.0
1952.0
1954.0
1959.0
1961.0
1962.0
1965.0
1966.0
1967.0
1969.0
1970.0
1971.0
1972.0
1973.0
1975.0
1976.0
1977.0
1978.0
1980.0
1982.0
1983.0
1984.0
1989.0
1990.0
1991.0
1992.0
1995.0
1996.0
1997.0
1999.0
2000.0
2001.0
2002.0
2004.0
2007.0
2009.0
2011.0
2013.0
2014.0
2015.0
2016.0
2017.0
2019.0
ПОСТ: 78130
1950.0
1951.0
1954.0
1956.0
1958.0
1960.0
1962.0
1965.0
1966.0
1967.0
1969.0
1971.0
1972.0
1973.0
1974.0
1975.0
1976.0
1978.0
1984.0
1986.0
1989.0
1992.0
1996.0
2007.0
2009.0
2010.0
2011.0
2014.0
2015.0
2016.0
2017.0
2019.0
ПОСТ: 78135
1947.0
1949.0
1950.0
1952.0
1954.0
1956.0
1958.0
1959.0
1960.0
1961.0
1962.0
1965.0
1966.0
1967.0
1969.0
1971.0
1972.0
1973.0
1974.0
1975.0
1976.0
1978.0
1980.0
1982.0
1983.0
1984.0
1985.0
1986.0
1987.0
1988.0
1989.0
1992.0
1993.0
1995.0
1996.0
1997.0
1998.0
2009.0
2010.0
2011.0
2014.0
2015.0
2017.0
2019.0
ПОСТ: 78138
1947.0
1949.0
1950.0
1952.0
1954.0
1958.0
1960.0
1962.0
1965.0
1966.0
1967.0
1969.0
1971.0
1972.0
1973.0
1975.0
1976.0
1978.0
1982.0
1984.0
1985.0
1986.0
1988.0
1989.0
1992.0
1996.0
1997.0
1999.0
2007.0
2008.0
2009.0
2010.0
2011.0
2014.0
2015.0
2016.0
2017.0
2019.0
ПОСТ: 78141
1947.0
1949.0
1950.0
1952.0
1954.0
1956.0
1958.0
1960.0
1961.0
1962.0
1965.0
1966.0
1967.0
1969.0
1971.0
1972.0
1973.0
1975.0
1976.0
1978.0
1980.0
1982.0
1983.0
1984.0
1985.0
1986.0
1988.0
1989.0
1990.0
1992.0
1993.0
1996.0
1997.0
1999.0
2008.0
2009.0
2010.0
2011.0
2014.0
2015.0
2016.0
2017.0
2019.0
ПОСТ: 78142
1949.0
1950.0
1952.0
1954.0
1958.0
1960.0
1962.0
1965.0
1966.0
1967.0
1969.0
1971.0
1972.0
1973.0
1975.0
1976.0
1978.0
1982.0
1983.0
1984.0
1985.0
1986.0
1987.0
1988.0
1989.0
1990.0
1991.0
1992.0
1993.0
1995.0
1996.0
1997.0
1998.0
1999.0
2007.0
2008.0
2009.0
2010.0
2011.0
2014.0
2015.0
2016.0
2017.0
2019.0
ПОСТ: 78144
1952.0
1954.0
1958.0
1960.0
1962.0
1965.0
1966.0
1967.0
1969.0
1971.0
1972.0
1973.0
1975.0
1976.0
1978.0
1982.0
1984.0
1986.0
1989.0
1992.0
2007.0
2009.0
2010.0
2011.0
2014.0
2015.0
2016.0
2017.0
2019.0
ПОСТ: 78160
1949.0
1950.0
1952.0
1953.0
1954.0
1956.0
1958.0
1960.0
1962.0
1965.0
1966.0
1967.0
1969.0
1971.0
1972.0
1973.0
1975.0
1976.0
1978.0
1982.0
1983.0
1984.0
1986.0
1987.0
1988.0
1989.0
1992.0
1997.0
1998.0
2008.0
2009.0
2010.0
2011.0
2014.0
2015.0
2017.0
2019.0
ПОСТ: 78163
1947.0
1949.0
1950.0
1952.0
1954.0
1958.0
1960.0
1961.0
1962.0
1965.0
1966.0
1967.0
1969.0
1971.0
1972.0
1973.0
1975.0
1976.0
1977.0
1981.0
1982.0
1984.0
1985.0
1986.0
1987.0
1988.0
1989.0
1990.0
1991.0
1992.0
1993.0
1995.0
1996.0
1997.0
2002.0
2009.0
2010.0
2011.0
2014.0
2015.0
2017.0
2019.0
ПОСТ: 78165
1949.0
1950.0
1951.0
1952.0
1953.0
1954.0
1955.0
1959.0
1961.0
1962.0
1965.0
1966.0
1967.0
1969.0
1972.0
1973.0
1974.0
1975.0
1976.0
1977.0
1980.0
1981.0
1982.0
1983.0
1984.0
1985.0
1986.0
1988.0
1989.0
1990.0
1991.0
1992.0
1993.0
1994.0
1995.0
1996.0
1997.0
1998.0
1999.0
2000.0
2002.0
2011.0
2015.0
2019.0
ПОСТ: 78182
1949.0
1950.0
1952.0
1953.0
1954.0
1958.0
1959.0
1960.0
1962.0
1966.0
1967.0
1968.0
1969.0
1971.0
1972.0
1973.0
1974.0
1975.0
1976.0
1978.0
1980.0
1982.0
1983.0
1984.0
1988.0
1989.0
1992.0
1995.0
1999.0
2002.0
2009.0
2013.0
2014.0
2015.0
2016.0
2017.0
2019.0
ПОСТ: 78196
1949.0
1950.0
1952.0
1954.0
1959.0
1962.0
1965.0
1966.0
1967.0
1969.0
1971.0
1972.0
1973.0
1975.0
1976.0
1980.0
1982.0
1983.0
1984.0
1985.0
1987.0
1988.0
1989.0
1992.0
1995.0
1996.0
1997.0
1999.0
2002.0
2007.0
2008.0
2009.0
2011.0
2013.0
2014.0
2015.0
2016.0
2017.0
2019.0
ПОСТ: 78202
1946.0
1947.0
1949.0
1950.0
1952.0
1953.0
1954.0
1959.0
1961.0
1962.0
1965.0
1966.0
1967.0
1969.0
1972.0
1973.0
1975.0
1976.0
1980.0
1981.0
1982.0
1983.0
1984.0
1985.0
1987.0
1989.0
1990.0
1991.0
1992.0
1993.0
1995.0
1996.0
1997.0
1998.0
2000.0
2001.0
2002.0
2004.0
2005.0
2006.0
2007.0
2009.0
2011.0
2013.0
2014.0
2015.0
2016.0
2017.0
2019.0
ПОСТ: 78224
1949.0
1950.0
1952.0
1954.0
1955.0
1956.0
1959.0
1962.0
1966.0
1967.0
1969.0
1972.0
1973.0
1975.0
1976.0
1980.0
1982.0
1983.0
1984.0
1985.0
1989.0
1992.0
1995.0
1996.0
1997.0
2000.0
2001.0
2002.0
2007.0
2008.0
2009.0
2011.0
2012.0
2013.0
2014.0
2015.0
2016.0
2017.0
2019.0
ПОСТ: 78229
1947.0
1949.0
1950.0
1954.0
1957.0
1959.0
1961.0
1962.0
1965.0
1966.0
1969.0
1972.0
1973.0
1974.0
1975.0
1976.0
1982.0
1983.0
1984.0
1985.0
1987.0
1989.0
1990.0
1991.0
1992.0
1993.0
1995.0
1997.0
1998.0
2001.0
2002.0
2005.0
2006.0
2007.0
2008.0
2009.0
2011.0
2012.0
2013.0
2014.0
2015.0
2016.0
2017.0
2019.0
ПОСТ: 78252
1946.0
1947.0
1948.0
1952.0
1953.0
1955.0
1957.0
1959.0
1963.0
1964.0
1965.0
1967.0
1970.0
1971.0
1972.0
1973.0
1974.0
1975.0
1976.0
1978.0
1979.0
1980.0
1981.0
1982.0
1983.0
1984.0
1985.0
1987.0
1988.0
1989.0
1990.0
1991.0
1994.0
1995.0
1997.0
1998.0
1999.0
2000.0
2003.0
2004.0
2005.0
2006.0
2007.0
2009.0
2011.0
2012.0
2013.0
2014.0
2017.0
ПОСТ: 78261
1948.0
1949.0
1950.0
1951.0
1954.0
1959.0
1961.0
1962.0
1965.0
1966.0
1967.0
1969.0
1971.0
1972.0
1973.0
1974.0
1975.0
1976.0
1984.0
1987.0
1989.0
1991.0
1992.0
2001.0
2002.0
2004.0
2005.0
2007.0
2008.0
2009.0
2011.0
2012.0
2013.0
2014.0
2015.0
2016.0
2017.0
2018.0
2019.0
ПОСТ: 78289
1948.0
1949.0
1950.0
1954.0
1957.0
1959.0
1961.0
1962.0
1965.0
1966.0
1967.0
1969.0
1971.0
1972.0
1973.0
1974.0
1975.0
1976.0
1983.0
1984.0
1987.0
1989.0
1990.0
1991.0
1992.0
2000.0
2001.0
2002.0
2007.0
2008.0
2009.0
2011.0
2012.0
2013.0
2014.0
2015.0
2016.0
2017.0
2018.0
2019.0
ПОСТ: 78334
1948.0
1949.0
1950.0
1951.0
1954.0
1956.0
1958.0
1959.0
1961.0
1962.0
1963.0
1965.0
1966.0
1967.0
1969.0
1972.0
1973.0
1974.0
1975.0
1976.0
1977.0
1985.0
1987.0
1989.0
1992.0
1995.0
2001.0
2002.0
2004.0
2008.0
2009.0
2010.0
2011.0
2012.0
2013.0
2014.0
2015.0
2016.0
2017.0
2019.0
ПОСТ: 78345
1946.0
1947.0
1948.0
1949.0
1950.0
1951.0
1952.0
1953.0
1954.0
1955.0
1956.0
1957.0
1958.0
1959.0
1960.0
1961.0
1962.0
1963.0
1964.0
1965.0
1966.0
1967.0
1969.0
1972.0
1975.0
1976.0
2007.0
2008.0
2009.0
2011.0
2012.0
2013.0
2014.0
2015.0
2016.0
2017.0
2018.0
2019.0
ПОСТ: 78365
1949.0
1950.0
1954.0
1956.0
1959.0
1961.0
1962.0
1964.0
1965.0
1966.0
1967.0
1969.0
1972.0
1973.0
1974.0
1975.0
1976.0
1977.0
1978.0
1984.0
1987.0
1989.0
1992.0
2001.0
2002.0
2003.0
2004.0
2008.0
2009.0
2010.0
2011.0
2012.0
2014.0
2015.0
2016.0
ПОСТ: 78394
1949.0
1950.0
1951.0
1952.0
1954.0
1955.0
1957.0
1958.0
1959.0
1960.0
1961.0
1962.0
1965.0
1966.0
1967.0
1968.0
1969.0
1971.0
1972.0
1974.0
1975.0
1981.0
1983.0
1984.0
1991.0
1992.0
1993.0
1994.0
2007.0
2008.0
2009.0
2011.0
2012.0
2013.0
2014.0
2015.0
2016.0
2017.0
2019.0
ПОСТ: 78417
1948.0
1949.0
1950.0
1954.0
1957.0
1959.0
1961.0
1962.0
1965.0
1966.0
1969.0
1971.0
1972.0
1973.0
1974.0
1975.0
1976.0
1980.0
1982.0
1983.0
1984.0
1987.0
1989.0
1990.0
1991.0
1992.0
1997.0
1998.0
1999.0
2000.0
2001.0
2002.0
2004.0
2007.0
2008.0
2009.0
2011.0
2012.0
2013.0
2014.0
2015.0
2016.0
2017.0
2018.0
2019.0
ПОСТ: 78504
1950.0
1951.0
1952.0
1954.0
1955.0
1957.0
1960.0
1961.0
1962.0
1965.0
1966.0
1967.0
1969.0
1971.0
1972.0
1973.0
1974.0
1975.0
1976.0
1983.0
1984.0
1986.0
1990.0
1991.0
1992.0
1994.0
1995.0
1996.0
1997.0
1998.0
1999.0
2000.0
2001.0
2002.0
2007.0
2008.0
2009.0
2013.0
2014.0
2015.0
ПОСТ: 78563
1947.0
1950.0
1951.0
1955.0
1957.0
1959.0
1960.0
1961.0
1964.0
1965.0
1969.0
1973.0
1974.0
1975.0
1976.0
1977.0
1978.0
1980.0
1983.0
1984.0
1985.0
1986.0
1991.0
1993.0
1994.0
1995.0
1996.0
1998.0
1999.0
2000.0
2001.0
2003.0
2007.0
2011.0
2012.0
2014.0
2015.0
2016.0
2017.0
2018.0
ПОСТ: 83323
1968.0
1969.0
1985.0
1994.0
1998.0
1999.0
2000.0
2001.0
ПОСТ: 83137
1950.0
1955.0
1957.0
1959.0
1962.0
1964.0
1965.0
1969.0
1970.0
1971.0
1973.0
1974.0
1975.0
1976.0
1978.0
1979.0
1981.0
1983.0
1984.0
1985.0
1986.0
1994.0
1999.0
2000.0
2001.0
2015.0
2019.0
ПОСТ: 83161
1955.0
1959.0
1962.0
1969.0
1970.0
1971.0
1973.0
1974.0
1975.0
1976.0
1977.0
1978.0
1979.0
1980.0
1981.0
1982.0
1983.0
1984.0
1985.0
1986.0
1990.0
1991.0
1994.0
1995.0
1999.0
2000.0
2001.0
2003.0
2011.0
2013.0
2015.0
2017.0
2019.0
ПОСТ: 83174
1994.0
2019.0
ПОСТ: 83214
1947.0
1948.0
1949.0
1950.0
1951.0
1952.0
1953.0
1954.0
1955.0
1956.0
1957.0
1959.0
1961.0
1962.0
1963.0
1964.0
1965.0
1966.0
1969.0
1970.0
1971.0
1974.0
1975.0
1976.0
1978.0
1979.0
1983.0
1985.0
1986.0
1987.0
1994.0
1996.0
1999.0
2000.0
2003.0
2007.0
2008.0
2013.0
2019.0
ПОСТ: 83288
1947.0
1949.0
1950.0
1951.0
1954.0
1955.0
1957.0
1959.0
1960.0
1961.0
1962.0
1963.0
1964.0
1965.0
1966.0
1967.0
1969.0
1970.0
1971.0
1973.0
1974.0
1975.0
1978.0
1983.0
1984.0
1985.0
1986.0
1991.0
1994.0
1999.0
2000.0
2002.0
2007.0
2008.0
2013.0
2019.0
ПОСТ: 83314
1947.0
1949.0
1950.0
1951.0
1954.0
1955.0
1957.0
1959.0
1960.0
1961.0
1962.0
1964.0
1965.0
1966.0
1967.0
1969.0
1970.0
1971.0
1973.0
1974.0
1975.0
1976.0
1977.0
1978.0
1980.0
1981.0
1983.0
1984.0
1985.0
1986.0
1990.0
1991.0
1994.0
1998.0
1999.0
2001.0
2003.0
2007.0
2011.0
2012.0
2013.0
2014.0
2015.0
2019.0
ПОСТ: 83318
1947.0
1950.0
1951.0
1955.0
1957.0
1959.0
1960.0
1961.0
1964.0
1965.0
1969.0
1973.0
1974.0
1975.0
1976.0
1977.0
1978.0
1980.0
1983.0
1984.0
1985.0
1986.0
1991.0
1993.0
1994.0
1995.0
1996.0
1998.0
1999.0
2000.0
2001.0
2003.0
2007.0
2011.0
2012.0
2014.0
2015.0
2016.0
2017.0
2018.0
ПОСТ: 83323
1946.0
1947.0
1949.0
1950.0
1951.0
1955.0
1956.0
1957.0
1958.0
1959.0
1961.0
1962.0
1963.0
1964.0
1965.0
1966.0
1967.0
1969.0
1970.0
1971.0
1972.0
1973.0
1974.0
1977.0
1979.0
1982.0
1983.0
1984.0
1986.0
1990.0
1991.0
1996.0
1999.0
2001.0
2003.0
2006.0
2007.0
2008.0
2009.0
2010.0
2012.0
2013.0
2015.0
2019.0
ПОСТ: 83338
1947.0
1949.0
1950.0
1951.0
1954.0
1955.0
1957.0
1959.0
1961.0
1964.0
1965.0
1967.0
1969.0
1970.0
1971.0
1973.0
1974.0
1975.0
1976.0
1977.0
1978.0
1979.0
1982.0
1983.0
1984.0
1986.0
1990.0
1991.0
1993.0
1994.0
1998.0
1999.0
2000.0
2001.0
2003.0
2007.0
2008.0
2012.0
2015.0
2018.0
ПОСТ: 83340
1947.0
1949.0
1950.0
1951.0
1954.0
1955.0
1957.0
1959.0
1961.0
1962.0
1964.0
1965.0
1967.0
1969.0
1971.0
1973.0
1978.0
1979.0
1980.0
1981.0
1982.0
1983.0
1984.0
1985.0
1986.0
1990.0
1991.0
1994.0
1996.0
1998.0
1999.0
2000.0
2001.0
2003.0
2004.0
2007.0
2012.0
2013.0
2014.0
2015.0
2017.0
2018.0
2019.0
ПОСТ: 83348
1971.0
1972.0
1974.0
1975.0
1977.0
1983.0
1984.0
1986.0
1990.0
1994.0
2001.0
ПОСТ: 81562
1963.0
1964.0
1966.0
1971.0
1972.0
1974.0
1975.0
1976.0
1979.0
1983.0
1984.0
1986.0
1994.0
1996.0
2001.0
2006.0
2014.0
2016.0
2018.0
2019.0
ПОСТ: 81737
1946.0
1950.0
1951.0
1954.0
1957.0
1960.0
1961.0
1962.0
1963.0
1964.0
1965.0
1966.0
1967.0
1969.0
1971.0
1972.0
1974.0
1975.0
1976.0
1977.0
1978.0
1979.0
1983.0
1984.0
1985.0
1986.0
1990.0
1993.0
1994.0
1999.0
2001.0
2002.0
2006.0
2008.0
2009.0
2014.0
2018.0
ПОСТ: 81745
1947.0
1948.0
1950.0
1951.0
1953.0
1954.0
1957.0
1958.0
1959.0
1960.0
1961.0
1963.0
1964.0
1966.0
1969.0
1970.0
1971.0
1972.0
1974.0
1975.0
1976.0
1977.0
1978.0
1979.0
1980.0
1983.0
1984.0
1986.0
1990.0
1991.0
1993.0
1994.0
1996.0
2008.0
2014.0
2016.0
ПОСТ: 81772
1947.0
1950.0
1951.0
1954.0
1955.0
1957.0
1962.0
1969.0
1972.0
1973.0
1974.0
1975.0
1976.0
1977.0
1981.0
1984.0
1985.0
1986.0
1989.0
1994.0
1998.0
1999.0
2000.0
2001.0
2003.0
2004.0
2011.0
2012.0
2013.0
2014.0
2015.0
2017.0
2018.0
ПОСТ: 84108
1947.0
1949.0
1950.0
1951.0
1953.0
1954.0
1955.0
1956.0
1957.0
1958.0
1959.0
1961.0
1962.0
1964.0
1965.0
1966.0
1968.0
1969.0
1971.0
1972.0
1974.0
1975.0
1976.0
1977.0
1979.0
1980.0
1985.0
1986.0
1994.0
1996.0
1999.0
2000.0
2001.0
2003.0
2015.0
ПОСТ: 84119
1956.0
1957.0
1958.0
1959.0
1965.0
1967.0
1968.0
1969.0
1971.0
1972.0
1973.0
1974.0
1975.0
1976.0
1977.0
1991.0
1992.0
1993.0
2001.0
2002.0
2009.0
2012.0
2013.0
2014.0
2015.0
2016.0
2017.0
2019.0
ПОСТ: 84157
1949.0
1950.0
1951.0
1952.0
1953.0
1954.0
1955.0
1956.0
1957.0
1958.0
1959.0
1960.0
1961.0
1962.0
1963.0
1964.0
1965.0
1968.0
1969.0
1970.0
1971.0
1972.0
1974.0
1975.0
1976.0
1977.0
1978.0
1979.0
1980.0
1981.0
1982.0
1984.0
1985.0
1986.0
1988.0
1989.0
1994.0
1996.0
2017.0
ПОСТ: 84165
1962.0
1991.0
1994.0
1998.0
1999.0
2000.0
2001.0
2002.0
2003.0
2004.0
2012.0
2014.0
ПОСТ: 84179
1947.0
1948.0
1949.0
1952.0
1953.0
1955.0
1957.0
1958.0
1959.0
1960.0
1962.0
1965.0
1966.0
1969.0
1971.0
1972.0
1976.0
1979.0
1980.0
1986.0
1987.0
1989.0
1990.0
1991.0
1994.0
1995.0
1996.0
1999.0
2001.0
ПОСТ: 84192
1950.0
1951.0
1953.0
1954.0
1955.0
1956.0
1957.0
1958.0
1959.0
1961.0
1962.0
1964.0
1965.0
1968.0
1969.0
1971.0
1976.0
1979.0
1982.0
1986.0
1989.0
1990.0
1991.0
1992.0
1993.0
1994.0
1995.0
1996.0
1999.0
2003.0
ПОСТ: 84200
1946.0
1947.0
1950.0
1955.0
1956.0
1957.0
1958.0
1959.0
1964.0
1965.0
1969.0
1971.0
1973.0
1974.0
1985.0
1991.0
1992.0
1994.0
1995.0
1996.0
1997.0
1998.0
1999.0
2000.0
2009.0
2012.0
2013.0
ПОСТ: 84215
1946.0
1947.0
1949.0
1950.0
1951.0
1952.0
1953.0
1955.0
1956.0
1958.0
1959.0
1961.0
1962.0
1964.0
1968.0
1969.0
1971.0
1976.0
1977.0
1978.0
1980.0
1982.0
1984.0
1985.0
1986.0
1988.0
2011.0
2014.0
ПОСТ: 84233
1994.0
ПОСТ: 84239
1946.0
1947.0
1948.0
1949.0
1950.0
1951.0
1952.0
1953.0
1954.0
1955.0
1956.0
1957.0
1958.0
1959.0
1960.0
1961.0
1962.0
1969.0
1979.0
2004.0
2005.0
2009.0
2010.0
2011.0
2012.0
2014.0
2015.0
2016.0
2017.0
2018.0
2019.0
ПОСТ: 84245
1994.0
ПОСТ: 84424
1947.0
1949.0
1950.0
1952.0
1953.0
1954.0
1955.0
1956.0
1957.0
1959.0
1962.0
1965.0
1966.0
1968.0
1969.0
1971.0
1972.0
1974.0
1975.0
1976.0
1979.0
1980.0
1981.0
1983.0
1984.0
1985.0
1986.0
1987.0
1994.0
1996.0
1998.0
1999.0
2000.0
2001.0
2003.0
2015.0
ПОСТ: 84801
